50
      3679        87
       196        60
     17914        12
     18618        64
      2370        65
       584        85
     18524        34
     12024         5
      6992        76
     18410        56
      9267        68
     18995        56
      6265        58
      6835        94
     14151        82
     11485        39
     15559        33
     18465        27
     19967        45
     13520        38
      5529        11
      3433         5
     17911        96
     18181        60
     11549        88
     14896        81
       184        14
      4329        64
     18871        69
     15141        87
     11584        32
     14088        92
     18061         3
       206        31
     13066         8
     19623        88
     12705        14
      9351         8
     17753        70
     15917        51
       768        85
     15814        60
     15320        82
      8303        90
      7282        73
     14092        48
     10629        19
     12917        63
     15006        53
     12328        63
