Store:
          Id       Inv

1        184        14
2        196        60
3        206        31
4        584        85
5        768        85
6       2370        65
7       3433         5
8       3679        87
9       4329        64
10       5529        11

11      6265        58
12      6835        94
13      6992        76
14      7282        73
15      8303        90
16      9267        68
17      9351         8
18     10629        19
19     11485        39
20     11549        88

21     11584        32
22     12024         5
23     12328        63
24     12705        14
25     12917        63
26     13066         8
27     13520        38
28     14088        92
29     14092        48
30     14151        82

31     14896        81
32     15006        53
33     15141        87
34     15320        82
35     15559        33
36     15814        60
37     15917        51
38     17753        70
39     17911        96
40     17914        12

41     18061         3
42     18181        60
43     18410        56
44     18465        27
45     18524        34
46     18618        64
47     18871        69
48     18995        56
49     19623        88
50     19967        45
